0.0077071
0.00648985
0.00784635
0.00684857
0.00640605
0.00626227
0.00746162
0.00811075
0.0086578
0.00646286
0.00901138
0.00657445
0.00889311
0.00854859
0.00853877
0.00690225
0.00654716
0.00693418
0.00708712
0.00981946
0.00894499
0.00791303
0.00873091
0.00802364
0.009517
0.00941837
0.00777663
0.0112293
0.00983948
0.0107301
0.0119451
0.0110549
0.0084812
0.0122746
0.00983558
0.0124216
0.00899225
0.00884512
0.0111479
0.011852
0.011645
0.0124046
0.0113774
0.0129853
0.0145553
0.0105335
0.0150767
0.0118233
0.0115724
0.0128497
0.014929
0.0154236
0.0141218
0.013755
0.0158197
0.016648
0.0147362
0.0139083
0.0129683
0.0143364
0.0128862
0.0177922
0.0139458
0.0127574
0.0135494
0.0194958
0.0171628
0.0147389
0.0165556
0.0172385
0.0162136
0.0152639
0.0211122
0.0163527
0.0179997
0.0227943
0.0188623
0.0186335
0.0168637
0.0227518
0.0201882
0.0175983
0.0226196
0.020871
0.0190372
0.0204177
0.0258615
0.0231304
0.0194631
0.0216398
0.0196017
0.0244619
0.0281652
0.0197873
0.0200839
0.0217302
0.0287309
0.0265508
0.0217592
0.0257348
0.0220041
0.0231004
0.0255302
0.0295713
0.0268919
0.0298127
0.024184
0.0301879
0.031883
0.0308754
0.0259007
0.0312243
0.0352597
0.0308633
0.0328343
0.039871
0.0312482
0.0334385
0.0310618
0.0401207
0.0288993
0.0343762
0.030732
0.0343622
0.0358695
0.037682
0.0380774
0.0379722
0.0395657
0.0386962
0.0453097
0.0345739
0.0510567
0.0467139
0.0392158
0.0512152
0.0527338
0.0530306
0.0533531
0.046777
0.0413925
0.0585521
0.042342
0.0542276
0.0509778
0.0416235
0.0493668
0.0632866
0.0474108
0.0630745
0.0627573
0.0581537
0.0518291
0.0663581
0.0700478
0.0690533
0.0601521
0.0716958
0.0529782
0.058596
0.073982
0.0618123
0.052813
0.0535892
0.0758576
0.071647
0.0653778
0.0587514
0.0826864
0.0808827
0.085785
0.0714698
0.0688566
0.084238
0.0698575
0.075489
0.09325
0.0751055
0.0674083
0.0908714
0.0947375
0.0773997
0.0756467
0.0869786
0.0964684
0.0999892
0.0759913
0.0808004
0.106611
0.100429
0.0872673
0.0847662
0.0927344
0.0895456
0.1184
0.115941
0.113575
0.119298
0.106482
0.0931212
0.0996115
0.113398
0.127672
0.111336
0.130153
0.111557
0.135904
0.149511
0.118217
0.108569
0.13848
0.157009
0.125325
0.147953
0.125165
0.135368
0.131778
0.139819
0.126682
0.14497
0.130535
0.139504
0.145223
0.151027
0.162669
0.182484
0.174806
0.148494
0.144574
0.165863
0.188087
0.150314
0.165483
0.192973
0.180163
0.224318
0.202464
0.205359
0.195892
0.177116
0.239545
0.217903
0.244964
0.236665
0.23579
0.247204
0.230688
0.178689
0.26266
0.265554
0.243517
0.244255
0.203301
0.212602
0.257214
0.230487
0.295805
0.28582
0.251207
0.312875
0.248285
0.274694
0.324773
0.223569
0.24008
0.283498
0.304628
0.265632
0.348856
0.280133
0.368711
0.336691
0.281135
0.365768
0.268765
0.273404
0.318369
0.379515
0.312662
0.308836
0.357766
0.358788
0.329107
0.44296
0.398743
0.318377
0.415443
0.394883
0.338438
0.350858
0.42202
0.466253
0.482922
0.415953
0.404393
0.522216
0.361538
0.474977
0.418753
0.534956
0.484887
0.426433
0.573171
0.42792
0.441613
0.583961
0.559516
0.608668
0.435718
0.453625
0.582813
0.566953
0.656752
0.501741
0.541881
0.536513
0.518825
0.518567
0.645613
0.529957
0.628618
0.644331
0.531816
0.590731
0.734867
0.541181
0.74603
0.755625
0.826605
0.644023
0.590211
0.829468
0.728463
0.886501
0.858033
0.649639
0.767588
0.816773
0.682033
0.660414
0.703773
1.01768
0.984267
0.733089
0.76227
0.87198
1.00369
0.745002
1.02112
0.820529
0.824501
0.98897
0.903728
0.840434
0.584411
0.534979
0.562922
0.485229
0.396675
0.408913
0.310607
0.265651
0.339338
0.284858
0.262112
0.197138
0.188565
0.162037
0.190161
0.128471
0.152467
0.121177
0.101578
0.114725
0.0791754
0.0727009
0.0860327
0.0546523
0.0642537
0.0616329
0.0520707
0.04035
0.0358692
0.0383743
0.0306794
0.0333414
0.0229836
0.0223512
0.0229629
0.0234664
0.0201872
0.0151894
0.0162875
0.011495
0.0115527
0.0112749
0.00841409
0.010403
0.00710038
0.00644118
