15.3059
9.08521
8.50535
18.3955
9.16437
16.0626
8.46638
7.85333
14.9543
10.2952
13.0008
6.67984
11.7316
14.9461
7.09906
14.2072
12.3209
9.58268
8.3141
14.436
6.12702
14.9957
8.71091
8.38075
12.3133
12.1565
7.00698
13.2526
9.09351
6.26049
11.4125
7.66385
12.2205
9.53658
9.67321
4.9282
5.39242
7.85028
11.0075
6.47738
10.2478
7.33543
7.26398
6.56309
9.42383
7.37308
8.73442
4.99619
4.20733
8.26889
9.75828
3.89673
9.70396
4.46662
7.05708
4.03868
5.16602
4.8698
3.83308
4.75274
3.71685
3.60863
5.71084
8.48464
4.81189
4.60501
6.66136
6.88396
5.00781
4.87211
6.58925
3.06603
4.2504
6.45297
6.13753
5.62429
5.53182
5.25344
5.81734
5.37721
5.14413
6.99068
6.21704
4.47052
3.26839
4.84654
3.86642
5.61068
3.63789
3.34534
3.04846
5.67055
3.29576
5.67362
2.39008
4.52713
2.59302
5.28755
2.39588
4.7868
2.98157
4.75969
4.44359
3.11724
3.47512
2.06576
2.87991
3.55558
3.02377
2.83414
2.1865
3.43935
3.96167
1.99455
2.35066
2.60263
2.49751
4.04299
4.47813
1.76287
2.487
4.00434
4.20855
3.36295
3.6556
2.17005
3.24087
2.06297
3.50722
2.3611
1.791
2.03825
2.18936
2.08207
1.90545
1.8053
1.50664
2.43205
3.19844
2.24357
3.23488
2.65673
2.21585
3.07904
1.66603
2.0894
2.58352
1.18888
1.41067
2.5876
1.1098
2.58596
1.56418
1.99501
1.08338
1.69609
1.97361
1.5946
1.49903
2.46286
1.74009
2.03932
2.33005
1.01607
2.22729
1.33016
1.28817
2.11793
1.19533
1.0708
1.16258
1.15925
1.25704
2.21949
2.20796
2.11751
1.41956
0.950574
1.26532
1.15442
0.878387
1.96412
1.40701
1.42384
1.42048
1.10415
1.32666
0.751593
0.829324
1.49489
0.85787
0.728183
1.47412
1.4863
1.05053
0.746394
0.828611
0.94393
0.763989
1.44534
1.23875
0.650825
1.56398
0.667174
0.979813
1.44742
1.44725
0.989151
0.750637
0.798519
1.32578
1.24905
0.53438
0.649208
0.840046
0.787338
0.646915
1.15125
0.761475
0.536811
0.775289
0.734353
0.496528
1.19288
0.872897
0.652529
1.00197
0.573981
0.92669
0.910929
0.999062
0.738281
0.760941
0.438582
0.397093
0.967072
0.739667
1.00782
0.646267
0.430886
0.919814
0.393647
0.470352
0.548476
0.480769
0.386801
0.767376
0.716602
0.63432
0.86573
0.708884
0.641754
0.346277
0.32682
0.398856
0.375692
0.626179
0.533957
0.407007
0.551015
0.291506
0.333599
0.598994
0.576112
0.551711
0.435334
0.614587
0.648357
0.428669
0.646048
0.322993
0.440713
0.306641
0.488102
0.266985
0.394182
0.540317
0.417195
0.289376
0.400698
0.461296
0.300004
0.306882
0.29863
0.21008
0.416722
0.350989
0.495182
0.214755
0.208669
0.43502
0.47481
0.22686
0.424781
0.403078
0.331363
0.211653
0.176344
0.278495
0.447655
0.245073
0.195325
0.193159
0.197955
0.276211
0.176326
0.281832
0.157185
0.153893
0.166167
0.382725
0.221319
0.386762
0.343243
0.207106
0.154638
0.294401
0.347041
0.164807
0.262964
0.175995
0.347406
0.242242
0.168678
0.291906
0.191431
0.171741
0.288031
0.239831
0.306319
0.159743
0.162556
0.292886
0.176168
0.240893
0.261127
0.205591
0.216113
0.130343
0.156963
0.20792
0.185917
0.179379
0.119846
0.136535
0.113012
0.167305
0.163254
0.123998
0.216378
0.0921953
0.167014
0.131541
0.231333
0.16161
0.12894
0.0968004
0.0999903
0.114895
0.183276
0.129256
0.0871747
0.116066
0.181127
0.134631
0.0869234
0.0858662
0.194807
0.174396
0.105744
0.0819801
0.125395
0.0914811
0.119269
0.0909503
0.107332
0.08161
0.0810181
0.0734276
0.129545
0.0718913
0.0645798
0.0855788
0.0874561
0.156746
0.0722124
0.0673209
0.0937523
0.117512
0.127472
0.0671039
0.064688
0.066143
0.109561
0.0621604
0.117817
0.129159
0.0562982
0.11406
0.074769
